201	0.0659132036	301	1.9488850000
201	0.0663150772	301	1.9490750000
201	0.0661725289	301	1.9487400000
201	0.0664487666	301	1.9486100000
201	0.0663521237	301	1.9485800000
201	0.0667008436	301	1.9485750000
201	0.0663722576	301	1.9489950000
201	0.0667459437	301	1.9497650000
201	0.0667829901	301	1.9487175000
201	0.0667056758	301	1.9485375000
201	0.0671236565	301	1.9485925000
201	0.0672444602	301	1.9483875000
201	0.0674466050	301	1.9484825000
201	0.0673104995	301	1.9491225000
201	0.0673515728	301	1.9488175000
201	0.0675649926	301	1.9485725000
201	0.0673113049	301	1.9488375000
201	0.0676415016	301	1.9485875000
201	0.0675021747	301	1.9487025000
201	0.0679483430	301	1.9485950000
201	0.0681029717	301	1.9487300000
201	0.0682108897	301	1.9484325000
201	0.0680828378	301	1.9487475000
201	0.0680135770	301	1.9487250000
201	0.0682688754	301	1.9487525000
201	0.0682157218	301	1.9488500000
201	0.0683904845	301	1.9488225000
201	0.0685555828	301	1.9486375000
201	0.0684259202	301	1.9485650000
201	0.0686256490	301	1.9489750000
201	0.0686828294	301	1.9486175000
201	0.0689018867	301	1.9490800000
201	0.0689872547	301	1.9486300000
201	0.0689477921	301	1.9486075000
201	0.0689832279	301	1.9487250000
201	0.0690943673	301	1.9484500000
201	0.0692135602	301	1.9487975000
201	0.0693987926	301	1.9485625000
201	0.0695308712	301	1.9484700000
201	0.0694382551	301	1.9483625000
201	0.0694326176	301	1.9490900000
201	0.0694736908	301	1.9489050000
201	0.0697595929	301	1.9485650000
201	0.0696508696	301	1.9487475000
201	0.0696927482	301	1.9489375000
201	0.0698183840	301	1.9488300000
201	0.0698779805	301	1.9487525000
201	0.0700954271	301	1.9483825000
201	0.0702830755	301	1.9483850000
201	0.0701872379	301	1.9484950000
201	0.0699931467	301	1.9487025000
201	0.0701413325	301	1.9486800000
201	0.0701952915	301	1.9485450000
201	0.0700148914	301	1.9491950000
201	0.0702387808	301	1.9489750000
201	0.0698022769	301	1.9495475000
201	0.0696106017	301	1.9504800000
201	0.0701969022	301	1.9495550000
201	0.0701646879	301	1.9498675000
201	0.0698828126	301	1.9496075000
201	0.0689888654	301	1.9503775000
201	0.0697177143	301	1.9509750000
201	0.0703064309	301	1.9506875000
201	0.0702597202	301	1.9497375000
201	0.0703024041	301	1.9501500000
201	0.0703193166	301	1.9497825000
201	0.0703813292	301	1.9498975000
201	0.0703048202	301	1.9503300000
201	0.0705295150	301	1.9501575000
201	0.0704932739	301	1.9497325000
201	0.0706293794	301	1.9493950000
201	0.0706889759	301	1.9501500000
201	0.0705834740	301	1.9502950000
201	0.0712124586	301	1.9502300000
201	0.0712954104	301	1.9488975000
201	0.0715805071	301	1.9490200000
201	0.0717085590	301	1.9487400000
201	0.0715788964	301	1.9488025000
201	0.0719010396	301	1.9485725000
201	0.0717552698	301	1.9486650000
201	0.0718019806	301	1.9487275000
201	0.0718656039	301	1.9491400000
201	0.0719791593	301	1.9488150000
201	0.0721772774	301	1.9489225000
201	0.0722674774	301	1.9485200000
201	0.0722940543	301	1.9486600000
201	0.0720902987	301	1.9484375000
201	0.0723117721	301	1.9487375000
201	0.0722094917	301	1.9485475000
201	0.0724664009	301	1.9482875000
201	0.0725171384	301	1.9489950000
201	0.0724728437	301	1.9485725000
201	0.0724672062	301	1.9488775000
201	0.0724535151	301	1.9486725000
201	0.0727063975	301	1.9486975000
201	0.0726717671	301	1.9483250000
201	0.0723617043	301	1.9490975000
201	0.0726782100	301	1.9490100000
201	0.0727031761	301	1.9489550000
201	0.0729214281	301	1.9484125000
201	0.0729681389	301	1.9486100000
201	0.0731058551	301	1.9484000000
201	0.0727748530	301	1.9485375000
201	0.0729423674	301	1.9485225000
201	0.0730261246	301	1.9487100000
201	0.0732822284	301	1.9487225000
201	0.0731783373	301	1.9489100000
201	0.0731541765	301	1.9484150000
201	0.0731251837	301	1.9487075000
201	0.0734022268	301	1.9485900000
201	0.0732532356	301	1.9486650000
201	0.0734980644	301	1.9483925000
201	0.0732347123	301	1.9486250000
201	0.0735520234	301	1.9494225000
201	0.0733474624	301	1.9488000000
201	0.0733619589	301	1.9483000000
201	0.0735560501	301	1.9491225000
201	0.0737920200	301	1.9488300000
201	0.0735077287	301	1.9484550000
201	0.0736067877	301	1.9488925000
201	0.0737936307	301	1.9486975000
201	0.0737952415	301	1.9487700000
201	0.0737533629	301	1.9489850000
201	0.0738653076	301	1.9484675000
201	0.0739112130	301	1.9488550000
201	0.0739257094	301	1.9491775000
201	0.0739329577	301	1.9486450000
201	0.0741222168	301	1.9485475000
201	0.0740924185	301	1.9486450000
201	0.0741608740	301	1.9486450000
201	0.0741946990	301	1.9487075000
201	0.0739941649	301	1.9486075000
201	0.0740883917	301	1.9497725000
201	0.0743291938	301	1.9487200000
201	0.0742881205	301	1.9487450000
201	0.0743259723	301	1.9489825000
201	0.0742140276	301	1.9489225000
201	0.0745675797	301	1.9487725000
201	0.0743767099	301	1.9483675000
201	0.0743775153	301	1.9491700000
201	0.0744540243	301	1.9489275000
201	0.0746392566	301	1.9487425000
201	0.0743622135	301	1.9487450000
201	0.0747399263	301	1.9488775000
201	0.0748373747	301	1.9486150000
201	0.0749018033	301	1.9486275000
201	0.0747568389	301	1.9485175000
201	0.0748816693	301	1.9486200000
201	0.0748720050	301	1.9486400000
201	0.0749179104	301	1.9485000000
201	0.0746271762	301	1.9489450000
201	0.0748116032	301	1.9485450000
201	0.0750371034	301	1.9485525000
201	0.0748977765	301	1.9483100000
201	0.0745281172	301	1.9485475000
201	0.0747842210	301	1.9496425000
201	0.0749493194	301	1.9491200000
201	0.0751434107	301	1.9484075000
201	0.0750483784	301	1.9490350000
201	0.0751442160	301	1.9486875000
201	0.0751949536	301	1.9485600000
201	0.0750314659	301	1.9490175000
201	0.0752392483	301	1.9491950000
201	0.0753205894	301	1.9484850000
201	0.0753197841	301	1.9492200000
201	0.0753616627	301	1.9487750000
201	0.0752746840	301	1.9489725000
201	0.0751248875	301	1.9486175000
201	0.0754881039	301	1.9488075000
201	0.0755227343	301	1.9484500000
201	0.0754228699	301	1.9488050000
201	0.0756475648	301	1.9484425000
201	0.0755847468	301	1.9487350000
201	0.0755364254	301	1.9486400000
201	0.0757780328	301	1.9485700000
201	0.0756701148	301	1.9486275000
201	0.0755372307	301	1.9486650000
201	0.0756169612	301	1.9488675000
201	0.0758770918	301	1.9485600000
201	0.0756572291	301	1.9486475000
201	0.0759552115	301	1.9487050000
201	0.0759503794	301	1.9484450000
201	0.0758593739	301	1.9486925000
201	0.0756467594	301	1.9490700000
201	0.0758795079	301	1.9485800000
201	0.0761589671	301	1.9486400000
201	0.0758585686	301	1.9486750000
201	0.0759584329	301	1.9491800000
201	0.0761227260	301	1.9486900000
201	0.0760695723	301	1.9485900000
201	0.0762209796	301	1.9484475000
201	0.0758867561	301	1.9489025000
201	0.0760365527	301	1.9485825000
201	0.0759753455	301	1.9491300000
201	0.0763111797	301	1.9483675000
201	0.0762137314	301	1.9485225000
201	0.0762709118	301	1.9486725000
201	0.0760035330	301	1.9487750000
201	0.0759479633	301	1.9494475000
201	0.0755001843	301	1.9495175000
201	0.0752964287	301	1.9507425000
201	0.0759294400	301	1.9504225000
201	0.0758642061	301	1.9493625000
201	0.0754212592	301	1.9495000000
201	0.0747785835	301	1.9509050000
201	0.0752658251	301	1.9506150000
201	0.0755581700	301	1.9507775000
201	0.0755485057	301	1.9496975000
201	0.0756403165	301	1.9499500000
201	0.0755299825	301	1.9497075000
201	0.0757345434	301	1.9497550000
201	0.0756805844	301	1.9499525000
201	0.0757256845	301	1.9501475000
201	0.0758706489	301	1.9500125000
201	0.0761267528	301	1.9504750000
201	0.0757297113	301	1.9495950000
201	0.0759479633	301	1.9502300000
201	0.0761903760	301	1.9497300000
201	0.0765213782	301	1.9490175000
201	0.0766590944	301	1.9486325000
201	0.0768725143	301	1.9484100000
201	0.0768974803	301	1.9485525000
201	0.0766945301	301	1.9486175000
201	0.0766607051	301	1.9486825000
201	0.0765696996	301	1.9486825000
201	0.0769441911	301	1.9492050000
201	0.0768757357	301	1.9485525000
201	0.0769772108	301	1.9490050000
201	0.0768443267	301	1.9485650000
201	0.0767718445	301	1.9491825000
201	0.0768644607	301	1.9490575000
201	0.0770827127	301	1.9485450000
201	0.0772043217	301	1.9485325000
201	0.0769232518	301	1.9483775000
201	0.0771221752	301	1.9484225000
201	0.0769981501	301	1.9485200000
201	0.0770078144	301	1.9489300000
201	0.0771576110	301	1.9484950000
201	0.0772349253	301	1.9485500000
201	0.0772582807	301	1.9486550000
201	0.0772462004	301	1.9484900000
201	0.0773114343	301	1.9484150000
201	0.0772937165	301	1.9485425000
201	0.0773661987	301	1.9482425000
201	0.0775031096	301	1.9485775000
201	0.0770279483	301	1.9485875000
201	0.0773178772	301	1.9492725000
201	0.0773001593	301	1.9487150000
201	0.0775232435	301	1.9487450000
201	0.0772687504	301	1.9485600000
201	0.0773927755	301	1.9486975000
201	0.0774282113	301	1.9486075000
201	0.0771833824	301	1.9487225000
201	0.0774837810	301	1.9487650000
201	0.0770666055	301	1.9486125000
201	0.0773033808	301	1.9490075000
201	0.0769071446	301	1.9489375000
201	0.0774910292	301	1.9491400000
201	0.0775168006	301	1.9484775000
201	0.0774547881	301	1.9486225000
201	0.0773903594	301	1.9486450000
201	0.0775425721	301	1.9492050000
201	0.0776609597	301	1.9483275000
201	0.0775876721	301	1.9488525000
201	0.0774177416	301	1.9487075000
201	0.0774072720	301	1.9492250000
201	0.0774708952	301	1.9487750000
201	0.0776585436	301	1.9486900000
201	0.0777221669	301	1.9485950000
201	0.0776351883	301	1.9489400000
201	0.0775425721	301	1.9486125000
201	0.0775699543	301	1.9492275000
201	0.0777938438	301	1.9487650000
201	0.0776875365	301	1.9486650000
201	0.0775949204	301	1.9486575000
201	0.0778502189	301	1.9491425000
201	0.0777954545	301	1.9486750000
201	0.0776690133	301	1.9490950000
201	0.0779291439	301	1.9488500000
201	0.0779581368	301	1.9486200000
201	0.0777125026	301	1.9486325000
201	0.0777326366	301	1.9485300000
201	0.0778985403	301	1.9486725000
201	0.0778510242	301	1.9485025000
201	0.0778808224	301	1.9483975000
201	0.0779259225	301	1.9486750000
201	0.0780620280	301	1.9486550000
201	0.0779734386	301	1.9486800000
201	0.0780604173	301	1.9486050000
201	0.0781208191	301	1.9485750000
201	0.0777865956	301	1.9484350000
201	0.0779573314	301	1.9488700000
201	0.0779943779	301	1.9487400000
201	0.0780700816	301	1.9485050000
201	0.0780596119	301	1.9489600000
201	0.0781643085	301	1.9483875000
201	0.0779065939	301	1.9487275000
201	0.0780571958	301	1.9489325000
201	0.0779186743	301	1.9488750000
201	0.0778735742	301	1.9486600000
201	0.0776625704	301	1.9492875000
201	0.0781167923	301	1.9492450000
201	0.0779041778	301	1.9487400000
201	0.0782770586	301	1.9486925000
201	0.0782303478	301	1.9485100000
201	0.0782295425	301	1.9487650000
201	0.0781304834	301	1.9485475000
201	0.0781578656	301	1.9484875000
201	0.0780290083	301	1.9487350000
201	0.0782005496	301	1.9486725000
201	0.0781498120	301	1.9486700000
201	0.0780322298	301	1.9486900000
201	0.0780982691	301	1.9486800000
201	0.0781989389	301	1.9489125000
201	0.0781820263	301	1.9486375000
201	0.0780813566	301	1.9488675000
201	0.0782931657	301	1.9488100000
201	0.0783374604	301	1.9491075000
201	0.0783906140	301	1.9487575000
201	0.0783294069	301	1.9487750000
201	0.0780628334	301	1.9484100000
201	0.0782528978	301	1.9487325000
201	0.0783809498	301	1.9485750000
201	0.0785057803	301	1.9486325000
201	0.0780491423	301	1.9490125000
201	0.0782166567	301	1.9485975000
201	0.0784091373	301	1.9485250000
201	0.0783036354	301	1.9485000000
201	0.0783535676	301	1.9485975000
201	0.0785073910	301	1.9486125000
201	0.0783430979	301	1.9485275000
201	0.0782094085	301	1.9489300000
201	0.0784961160	301	1.9486675000
201	0.0780201494	301	1.9487275000
201	0.0782722264	301	1.9487750000
201	0.0785677928	301	1.9487450000
201	0.0784566534	301	1.9487075000
201	0.0786040339	301	1.9487250000
201	0.0785879268	301	1.9484225000
201	0.0782810854	301	1.9485575000
201	0.0783334336	301	1.9493325000
201	0.0784284659	301	1.9486900000
201	0.0785114178	301	1.9487300000
201	0.0777181401	301	1.9489250000
201	0.0774837810	301	1.9498675000
201	0.0779694118	301	1.9499825000
201	0.0779653850	301	1.9491050000
201	0.0778461921	301	1.9492525000
201	0.0771849932	301	1.9498600000
201	0.0772059325	301	1.9512750000
201	0.0774717006	301	1.9503950000
201	0.0777576027	301	1.9500075000
201	0.0775329078	301	1.9497600000
201	0.0778115616	301	1.9496250000
201	0.0775900882	301	1.9497450000
201	0.0776263293	301	1.9501825000
201	0.0779227011	301	1.9496325000
201	0.0778534403	301	1.9494475000
201	0.0776150543	301	1.9501200000
201	0.0778180045	301	1.9497025000
201	0.0777946491	301	1.9503775000
201	0.0778953189	301	1.9500800000
201	0.0785855107	301	1.9495575000
201	0.0784735659	301	1.9485700000
201	0.0786000071	301	1.9485125000
201	0.0784502106	301	1.9488300000
201	0.0782979979	301	1.9487375000
201	0.0786894019	301	1.9489425000
201	0.0787876555	301	1.9485700000
201	0.0784598748	301	1.9491150000
201	0.0786547715	301	1.9486325000
201	0.0786346375	301	1.9486450000
201	0.0785251088	301	1.9487375000
201	0.0787248376	301	1.9487150000
201	0.0789559754	301	1.9485050000
201	0.0787715484	301	1.9484375000
201	0.0786088661	301	1.9485400000
201	0.0788955735	301	1.9490225000
201	0.0785685982	301	1.9484050000
201	0.0786805429	301	1.9489275000
201	0.0786910126	301	1.9485900000
201	0.0786112821	301	1.9489550000
201	0.0786805429	301	1.9487200000
201	0.0788295342	301	1.9488225000
201	0.0788182591	301	1.9485875000
201	0.0788118163	301	1.9487025000
201	0.0787892663	301	1.9484925000
201	0.0787159787	301	1.9493325000
201	0.0789753040	301	1.9485100000
201	0.0789414789	301	1.9484750000
201	0.0787916823	301	1.9487325000
201	0.0786153089	301	1.9491725000
201	0.0788206752	301	1.9487750000
201	0.0788996003	301	1.9484300000
201	0.0789149021	301	1.9485400000
201	0.0790147665	301	1.9488650000
201	0.0787014823	301	1.9486200000
201	0.0787908770	301	1.9494175000
201	0.0788287288	301	1.9487900000
201	0.0790808059	301	1.9486750000
201	0.0788778556	301	1.9486000000
201	0.0786136982	301	1.9490250000
201	0.0786257786	301	1.9494800000
201	0.0790493969	301	1.9487775000
201	0.0789326200	301	1.9486800000
201	0.0789938272	301	1.9486925000
201	0.0788899360	301	1.9484775000
201	0.0788053734	301	1.9487725000
201	0.0789414789	301	1.9490575000
201	0.0790888595	301	1.9484400000
201	0.0789165128	301	1.9485350000
201	0.0789970486	301	1.9485275000
201	0.0790663094	301	1.9486000000
201	0.0790993291	301	1.9488725000
201	0.0793586544	301	1.9486275000
201	0.0789946326	301	1.9482850000
201	0.0789704718	301	1.9489725000
201	0.0788391985	301	1.9487250000
201	0.0790485915	301	1.9492750000
201	0.0788802717	301	1.9484950000
201	0.0789575861	301	1.9489750000
201	0.0790663094	301	1.9485700000
201	0.0790775844	301	1.9490250000
201	0.0790284576	301	1.9486325000
201	0.0790067129	301	1.9491625000
201	0.0791404024	301	1.9485025000
201	0.0791259059	301	1.9488925000
201	0.0791009398	301	1.9484600000
201	0.0788746342	301	1.9487400000
201	0.0792821454	301	1.9489150000
201	0.0791081881	301	1.9484675000
201	0.0792507364	301	1.9486100000
201	0.0791089934	301	1.9488125000
201	0.0790912755	301	1.9491025000
201	0.0789761093	301	1.9488075000
201	0.0793699294	301	1.9487000000
201	0.0792144953	301	1.9486725000
201	0.0792982525	301	1.9491725000
201	0.0789994647	301	1.9484450000
201	0.0791259059	301	1.9485400000
201	0.0792990579	301	1.9486750000
201	0.0792660382	301	1.9488425000
201	0.0791508720	301	1.9485325000
201	0.0790880541	301	1.9487375000
201	0.0793352990	301	1.9487500000
201	0.0792233542	301	1.9484825000
201	0.0792177167	301	1.9486225000
201	0.0792958365	301	1.9486025000
201	0.0792297971	301	1.9486000000
201	0.0790461755	301	1.9485625000
201	0.0795068403	301	1.9490275000
201	0.0793779830	301	1.9484225000
201	0.0793135543	301	1.9484850000
201	0.0791412077	301	1.9485750000
201	0.0791444292	301	1.9490250000
201	0.0794045598	301	1.9486600000
201	0.0793352990	301	1.9487075000
201	0.0794214723	301	1.9487325000
201	0.0790969130	301	1.9488650000
201	0.0789020164	301	1.9494725000
201	0.0790679201	301	1.9492975000
201	0.0786491340	301	1.9491175000
201	0.0788295342	301	1.9494325000
201	0.0785146392	301	1.9493200000
201	0.0783632319	301	1.9502800000
201	0.0789157075	301	1.9504075000
201	0.0790848326	301	1.9495425000
201	0.0792958365	301	1.9487150000
201	0.0791661738	301	1.9489900000
201	0.0791790595	301	1.9493475000
201	0.0793240240	301	1.9488675000
201	0.0791999988	301	1.9488400000
201	0.0793828151	301	1.9485025000
201	0.0793900633	301	1.9489325000
201	0.0794593241	301	1.9485025000
201	0.0795132831	301	1.9486775000
201	0.0792748972	301	1.9486500000
201	0.0795197260	301	1.9486100000
201	0.0795712689	301	1.9485250000
201	0.0792483203	301	1.9484875000
201	0.0795632153	301	1.9486500000
201	0.0792410721	301	1.9487950000
201	0.0794818742	301	1.9487275000
201	0.0796389190	301	1.9485825000
201	0.0792402668	301	1.9486250000
201	0.0788118163	301	1.9491175000
201	0.0789326200	301	1.9495900000
201	0.0792434882	301	1.9489725000
201	0.0784808142	301	1.9500625000
201	0.0788641646	301	1.9504800000
201	0.0791540934	301	1.9494875000
201	0.0788238967	301	1.9495400000
201	0.0782061871	301	1.9502850000
201	0.0782730318	301	1.9510800000
201	0.0787699377	301	1.9505450000
201	0.0786741001	301	1.9497225000
201	0.0786902072	301	1.9503300000
201	0.0788182592	301	1.9501175000
201	0.0787981252	301	1.9497925000
201	0.0788794664	301	1.9497375000
201	0.0788134270	301	1.9496800000
201	0.0790856380	301	1.9496825000
201	0.0789519486	301	1.9497250000
201	0.0786040339	301	1.9500325000
201	0.0787481930	301	1.9503475000
201	0.0787949038	301	1.9493725000
201	0.0791871131	301	1.9498350000
201	0.0793183865	301	1.9488700000
201	0.0796300600	301	1.9490625000
201	0.0796687172	301	1.9487375000
201	0.0795857653	301	1.9489350000
201	0.0796107314	301	1.9486250000
201	0.0796437511	301	1.9488750000
201	0.0796260332	301	1.9489775000
201	0.0796518047	301	1.9485375000
201	0.0792330185	301	1.9489250000
201	0.0796558315	301	1.9486400000
201	0.0795914028	301	1.9490000000
201	0.0796912672	301	1.9487175000
201	0.0793522115	301	1.9489575000
201	0.0796912672	301	1.9491900000
201	0.0796606636	301	1.9487975000
201	0.0795237528	301	1.9488450000
201	0.0794488545	301	1.9486850000
201	0.0797492530	301	1.9486875000
201	0.0796977101	301	1.9486200000
201	0.0797806620	301	1.9485550000
201	0.0797065690	301	1.9491475000
201	0.0796228118	301	1.9489000000
201	0.0796799922	301	1.9487075000
201	0.0796485833	301	1.9488250000
201	0.0798942175	301	1.9486475000
201	0.0794939545	301	1.9485800000
201	0.0798233460	301	1.9489225000
201	0.0796751601	301	1.9486650000
201	0.0796453618	301	1.9487450000
201	0.0797146226	301	1.9485875000
201	0.0794971760	301	1.9487050000
201	0.0797258976	301	1.9488400000
201	0.0795382492	301	1.9494150000
201	0.0796566368	301	1.9487675000
201	0.0797275084	301	1.9487000000
201	0.0797895209	301	1.9484875000
201	0.0796195904	301	1.9490175000
201	0.0798789157	301	1.9486900000
201	0.0797927423	301	1.9485700000
201	0.0796912673	301	1.9486425000
201	0.0797983798	301	1.9485200000
201	0.0798877746	301	1.9485650000
201	0.0796163689	301	1.9491100000
201	0.0797943531	301	1.9486450000
201	0.0797186494	301	1.9489600000
201	0.0799127407	301	1.9484950000
201	0.0796534154	301	1.9485300000
201	0.0795946243	301	1.9486750000
201	0.0799038817	301	1.9487525000
201	0.0797718030	301	1.9487150000
201	0.0798966335	301	1.9486700000
201	0.0798249567	301	1.9489375000
201	0.0798394531	301	1.9487525000
201	0.0797919370	301	1.9489375000
201	0.0797242869	301	1.9485575000
201	0.0794528813	301	1.9494675000
201	0.0792595954	301	1.9489125000
201	0.0795253635	301	1.9489225000
201	0.0793787883	301	1.9489075000
201	0.0796960994	301	1.9491675000
201	0.0798096549	301	1.9486350000
201	0.0797895209	301	1.9488725000
201	0.0796807976	301	1.9492325000
201	0.0794520759	301	1.9491375000
201	0.0797395887	301	1.9497575000
201	0.0795599939	301	1.9491675000
201	0.0797162334	301	1.9489650000
201	0.0795454974	301	1.9487350000
201	0.0796429457	301	1.9492550000
201	0.0797267030	301	1.9492725000
201	0.0796799922	301	1.9490800000
201	0.0797331458	301	1.9491225000
201	0.0795044242	301	1.9492300000
201	0.0795761010	301	1.9494775000
201	0.0796244225	301	1.9491550000
201	0.0796220065	301	1.9488350000
201	0.0797162333	301	1.9487250000
201	0.0795801278	301	1.9487950000
201	0.0796155636	301	1.9488775000
201	0.0796791869	301	1.9492975000
201	0.0797492530	301	1.9485350000
201	0.0796534154	301	1.9489050000
201	0.0796179797	301	1.9487500000
201	0.0795503296	301	1.9488000000
201	0.0796759655	301	1.9491825000
201	0.0795905975	301	1.9489400000
201	0.0797887156	301	1.9488175000
201	0.0795003974	301	1.9489525000
201	0.0798346210	301	1.9490425000
201	0.0795938189	301	1.9491325000
201	0.0797879102	301	1.9488950000
201	0.0797218709	301	1.9486500000
201	0.0797073744	301	1.9486725000
201	0.0797806620	301	1.9491725000
201	0.0798169031	301	1.9487925000
201	0.0796582476	301	1.9492550000
201	0.0798032120	301	1.9489625000
201	0.0796896565	301	1.9485925000
201	0.0794399955	301	1.9495400000
201	0.0793489901	301	1.9495725000
201	0.0795841546	301	1.9495850000
201	0.0797097905	301	1.9490625000
201	0.0795986511	301	1.9488275000
201	0.0797452262	301	1.9486075000
201	0.0797742191	301	1.9492925000
201	0.0798724728	301	1.9487575000
201	0.0800279069	301	1.9486475000
201	0.0796582476	301	1.9486875000
201	0.0797597227	301	1.9493675000
201	0.0793795937	301	1.9489675000
201	0.0797838834	301	1.9488325000
201	0.0797226762	301	1.9489375000
201	0.0800987784	301	1.9488225000
201	0.0798958282	301	1.9486625000
201	0.0797395887	301	1.9484925000
201	0.0795052295	301	1.9490950000
201	0.0798289835	301	1.9490700000
201	0.0796799922	301	1.9487725000
201	0.0797476423	301	1.9486750000
201	0.0796646904	301	1.9486800000
201	0.0794593241	301	1.9492825000
201	0.0798144870	301	1.9487425000
201	0.0793578490	301	1.9487075000
201	0.0798942175	301	1.9491625000
201	0.0795446921	301	1.9485175000
201	0.0792281864	301	1.9492175000
201	0.0789205396	301	1.9503875000
201	0.0791830864	301	1.9492900000
201	0.0795438867	301	1.9493375000
201	0.0791693952	301	1.9492450000
201	0.0783245747	301	1.9511250000
201	0.0789124860	301	1.9508275000
201	0.0788746342	301	1.9503700000
201	0.0792402668	301	1.9495750000
201	0.0791516774	301	1.9497975000
201	0.0788045681	301	1.9499225000
201	0.0789616129	301	1.9499150000
201	0.0787699377	301	1.9499325000
201	0.0791919453	301	1.9502675000
201	0.0794134187	301	1.9498450000
201	0.0792652329	301	1.9503700000
201	0.0792579846	301	1.9499525000
201	0.0794045598	301	1.9498800000
201	0.0795567725	301	1.9497300000
201	0.0797637495	301	1.9487100000
201	0.0797661655	301	1.9491750000
201	0.0798990496	301	1.9488550000
201	0.0799779747	301	1.9487000000
201	0.0798789157	301	1.9487300000
201	0.0801640124	301	1.9488375000
201	0.0800077729	301	1.9487000000
201	0.0798595871	301	1.9488950000
201	0.0798273728	301	1.9486675000
201	0.0800117997	301	1.9487725000
201	0.0799199889	301	1.9483350000
201	0.0801019998	301	1.9485225000
201	0.0800673694	301	1.9487850000
201	0.0795310010	301	1.9491750000
201	0.0797202602	301	1.9490050000
201	0.0802743464	301	1.9485575000
201	0.0799747533	301	1.9487250000
201	0.0800375712	301	1.9485050000
201	0.0801640124	301	1.9486100000
201	0.0796228118	301	1.9485575000
201	0.0801205231	301	1.9487975000
201	0.0796373083	301	1.9488550000
201	0.0801076374	301	1.9486950000
201	0.0798861639	301	1.9487025000
201	0.0801406570	301	1.9486200000
201	0.0799417336	301	1.9485400000
201	0.0802115285	301	1.9484525000
201	0.0800359605	301	1.9485975000
201	0.0798756942	301	1.9486000000
201	0.0799473711	301	1.9488050000
201	0.0799465657	301	1.9489800000
201	0.0802123339	301	1.9485000000
201	0.0800279069	301	1.9488725000
201	0.0800971677	301	1.9486000000
201	0.0799199889	301	1.9488750000
201	0.0801744821	301	1.9486650000
201	0.0801873678	301	1.9485700000
201	0.0798394531	301	1.9491100000
201	0.0801664285	301	1.9490975000
201	0.0797653602	301	1.9491325000
201	0.0801422677	301	1.9486725000
201	0.0799272371	301	1.9486475000
201	0.0802751518	301	1.9485450000
201	0.0798491174	301	1.9485350000
201	0.0798587817	301	1.9491475000
201	0.0802348839	301	1.9490425000
201	0.0800520676	301	1.9492450000
201	0.0799964980	301	1.9485975000
201	0.0802123339	301	1.9487000000
201	0.0802711250	301	1.9487750000
201	0.0800488462	301	1.9492900000
201	0.0800713962	301	1.9487750000
201	0.0800174372	301	1.9488025000
201	0.0799449550	301	1.9486700000
201	0.0801454892	301	1.9491475000
201	0.0798885799	301	1.9489925000
201	0.0799280425	301	1.9496300000
201	0.0799046871	301	1.9485175000
201	0.0798966336	301	1.9486150000
201	0.0804249484	301	1.9484800000
201	0.0801479052	301	1.9486775000
201	0.0801100534	301	1.9486450000
201	0.0806045432	301	1.9487600000
201	0.0801897839	301	1.9486650000
201	0.0799473711	301	1.9494050000
201	0.0800665641	301	1.9490000000
201	0.0797653602	301	1.9492975000
201	0.0801607910	301	1.9485450000
201	0.0801656231	301	1.9484600000
201	0.0801978374	301	1.9490975000
201	0.0803685733	301	1.9487725000
201	0.0800697855	301	1.9486500000
201	0.0799666997	301	1.9492775000
201	0.0803951501	301	1.9487475000
201	0.0801446838	301	1.9487225000
201	0.0804491091	301	1.9488750000
201	0.0802244143	301	1.9491125000
201	0.0803508554	301	1.9489575000
201	0.0803967609	301	1.9488125000
201	0.0802526018	301	1.9485325000
201	0.0802630714	301	1.9487500000
201	0.0799030764	301	1.9489350000
201	0.0801060266	301	1.9487975000
201	0.0804257537	301	1.9486500000
201	0.0800432087	301	1.9485200000
201	0.0802155553	301	1.9489675000
201	0.0801462945	301	1.9489275000
201	0.0803854858	301	1.9488075000
201	0.0800528730	301	1.9486125000
201	0.0804885716	301	1.9489275000
201	0.0803444126	301	1.9488100000
201	0.0803242787	301	1.9486450000
201	0.0800568998	301	1.9488450000
201	0.0802163607	301	1.9485425000
201	0.0804265591	301	1.9487675000
201	0.0801309927	301	1.9488475000
201	0.0801326034	301	1.9485800000
201	0.0800375712	301	1.9487325000
201	0.0803065608	301	1.9487900000
201	0.0805264235	301	1.9487000000
201	0.0802453535	301	1.9487825000
201	0.0802582393	301	1.9490300000
201	0.0803178358	301	1.9488325000
201	0.0804289752	301	1.9490200000
201	0.0804297805	301	1.9485500000
201	0.0801140802	301	1.9487475000
201	0.0702250899	301	1.9488700000
201	0.0555377790	301	1.9485475000
201	0.0399138401	301	1.9489025000
201	0.0272294582	301	-2.0506700000
201	0.0429274882	301	-2.0505400000
201	0.0577001647	301	-2.0504100000
201	0.0720105684	301	-2.0504400000
201	0.0856903795	301	-2.0502950000
201	0.0980477950	301	-2.0500250000
201	0.1095636135	301	-2.0497800000
201	0.1203433365	301	-2.0503425000
201	0.1299230770	301	-2.0503575000
201	0.1385275298	301	-2.0500325000
201	0.1461003192	301	-2.0501625000
201	0.1525955393	301	-2.0500900000
201	0.1583772121	301	-2.0503125000
201	0.1631819849	301	-2.0505775000
201	0.1674310603	301	-2.0494900000
201	0.1716044323	301	-2.0496800000
201	0.1742242664	301	-2.0494475000
201	0.1769745688	301	-2.0486150000
201	0.1801517120	301	-2.0489950000
201	0.1824542349	301	-2.0494200000
201	0.1836042883	301	-2.0497625000
201	0.1844193123	301	-2.0489700000
201	0.1864359327	301	-2.0481425000
201	0.1879556464	301	-2.0487275000
201	0.1884340299	301	-2.0488400000
201	0.1900632726	301	-2.0491900000
201	0.1910836635	301	-2.0488850000
201	0.1905360188	301	-2.0491100000
201	0.1908726591	301	-2.0492000000
201	0.1717929069	301	-2.0493325000
201	0.0571348034	301	-1.0495150000
201	0.0459210025	301	1.9496675000
201	0.0334468184	301	1.9493750000
201	0.0214824270	301	1.9498225000
201	0.0098248782	301	1.9498175000
201	-0.0011658338	301	1.9492950000
201	-0.0126494235	301	1.9487375000
201	-0.0241821393	301	1.9488400000
201	-0.0359033079	301	1.9486950000
201	-0.0492770689	301	1.9483650000
201	-0.0586578689	301	-2.0505250000
201	-0.0414296688	301	-2.0503300000
201	-0.0244068339	301	-2.0505800000
201	-0.0085735102	301	-2.0503475000
201	0.0069739131	301	-2.0503825000
201	0.0220638952	301	-2.0503675000
201	0.0367350934	301	-2.0505400000
201	0.0504728842	301	-2.0504300000
201	0.0635277338	301	-2.0500075000
201	0.0766043302	301	-2.0497950000
201	0.0889271137	301	-2.0499500000
201	0.1006837326	301	-2.0503925000
201	0.1110615801	301	-2.0504650000
201	0.1214192954	301	-2.0497875000
201	0.1305641425	301	-2.0501525000
201	0.1388649751	301	-2.0505300000
201	0.1458144167	301	-2.0504075000
201	0.1525520499	301	-2.0500700000
201	0.1583828497	301	-2.0507300000
201	0.1635049340	301	-2.0500750000
201	0.1676613930	301	-2.0505100000
201	0.1712822886	301	-2.0499875000
201	0.1747968769	301	-2.0503775000
201	0.1772620821	301	-2.0505225000
201	0.1796701070	301	-2.0502800000
201	0.1815006892	301	-2.0503325000
201	0.1832008032	301	-2.0498075000
201	0.1848445421	301	-2.0500050000
201	0.1865551259	301	-2.0502275000
201	0.1814306299	301	-2.0505475000
201	0.0635816927	301	-1.0506800000
201	0.0530822432	301	1.9490550000
201	0.0413860336	301	1.9491800000
201	0.0295939878	301	1.9492750000
201	0.0172381932	301	1.9485900000
201	0.0055605108	301	1.9501250000
201	-0.0055348972	301	1.9493200000
201	-0.0168928509	301	1.9491025000
201	-0.0279351039	301	1.9486175000
201	-0.0420779813	301	1.9485000000
201	-0.0502056457	301	-0.6202850000
201	-0.0331409327	301	-2.0506600000
201	-0.0169661384	301	-2.0504425000
201	-0.0011030158	301	-2.0504000000
201	0.0141577011	301	-2.0505300000
201	0.0291856716	301	-2.0505850000
201	0.0425441379	301	-2.0506425000
201	0.0562609903	301	-2.0502875000
201	0.0694914088	301	-2.0501775000
201	0.0820098931	301	-2.0501450000
201	0.0934926890	301	-2.0504025000
201	0.1049464940	301	-2.0504100000
201	0.1155603123	301	-2.0503575000
201	0.1252157558	301	-2.0501600000
201	0.1338024899	301	-2.0502725000
201	0.1420872158	301	-2.0505925000
201	0.1489343773	301	-2.0504800000
201	0.1551549704	301	-2.0503075000
201	0.1603736974	301	-2.0497150000
201	0.1653137708	301	-2.0502175000
201	0.1692568098	301	-2.0504025000
201	0.1728414643	301	-2.0503325000
201	0.1757947172	301	-2.0504700000
201	0.1782269028	301	-2.0503025000
201	0.1808322408	301	-2.0501350000
201	0.1826547694	301	-2.0505350000
201	0.1847100471	301	-2.0505775000
201	0.1854461458	301	-2.0505350000
201	0.1868257268	301	-2.0495675000
201	0.1814580134	301	-2.0502200000
201	0.0528003680	301	1.9487950000
201	0.0420117964	301	1.9487550000
201	0.0309574582	301	1.9490725000
201	0.0190196439	301	1.9485450000
201	0.0076423596	301	1.9487900000
201	-0.0037671379	301	1.9485300000
201	-0.0150791864	301	1.9485325000
201	-0.0262277466	301	1.9485150000
201	-0.0375397937	301	1.9486025000
201	-0.0493970671	301	1.9487475000
201	-0.0625904277	301	0.9487075000
201	-0.0452317600	301	-2.0508050000
201	-0.0284142914	301	-2.0506050000
201	-0.0121807055	301	-2.0502950000
201	0.0036622836	301	-2.0505350000
201	0.0187369635	301	-2.0503175000
201	0.0337262775	301	-2.0502000000
201	0.0480849987	301	-2.0503775000
201	0.0618099055	301	-2.0506975000
201	0.0748494551	301	-2.0501725000
201	0.0875298173	301	-2.0505925000
201	0.0992356984	301	-2.0506425000
201	0.1098680389	301	-2.0502350000
201	0.1201572986	301	-2.0504700000
201	0.1291467113	301	-2.0499300000
201	0.1375578778	301	-2.0504475000
201	0.1450082525	301	-2.0505350000
201	0.1515308547	301	-2.0506675000
201	0.1574236669	301	-2.0505600000
201	0.1624555509	301	-2.0505100000
201	0.1668665034	301	-2.0505025000
201	0.1705848474	301	-2.0500850000
201	0.1744417134	301	-2.0505000000
201	0.1771098692	301	-2.0505325000
201	0.1795380280	301	-2.0507900000
201	0.1816682040	301	-2.0504350000
201	0.1835173095	301	-2.0501975000
201	0.1850434659	301	-2.0506075000
201	0.1863175449	301	-2.0506000000
201	0.1872590103	301	-2.0506650000
201	0.1871551189	301	-2.0495375000
201	0.1855556746	301	-2.0504650000
201	0.1838990499	301	-2.0505950000
201	0.1819774620	301	-2.0504800000
201	0.1799761436	301	-2.0500675000
201	0.1781584472	301	-2.0505325000
201	0.1765219568	301	-2.0504050000
201	0.1750159346	301	-2.0505700000
201	0.1734680339	301	-2.0505725000
201	0.1718589258	301	-2.0505850000
201	0.1698576079	301	-2.0499000000
201	0.1676428698	301	-2.0486175000
201	0.1670090520	301	-2.0485250000
201	0.1656085322	301	-2.0498150000
201	0.1639986191	301	-2.0498825000
201	0.1619610603	301	-2.0489450000
201	0.1605702050	301	-2.0474625000
201	0.1597962549	301	-2.0484675000
201	0.1589941172	301	-2.0492425000
201	0.1575919869	301	-2.0495250000
201	0.1565538791	301	-2.0489225000
201	0.1552057079	301	-2.0491000000
201	0.1541096143	301	-2.0490425000
201	0.1532341890	301	-2.0493525000
201	0.1523128582	301	-2.0489650000
201	0.1510299213	301	-2.0496000000
201	0.1500022832	301	-2.0495675000
201	0.1488707539	301	-2.0491325000
201	0.1479526447	301	-2.0497750000
201	0.1474194970	301	-2.0493425000
201	0.1464007180	301	-2.0503650000
201	0.1456710628	301	-2.0499950000
201	0.1449881184	301	-2.0502825000
201	0.1440845058	301	-2.0500625000
201	0.1430383446	301	-2.0505500000
201	0.1423417091	301	-2.0503975000
201	0.1414791698	301	-2.0503175000
201	0.1404555587	301	-2.0499625000
201	0.1400271078	301	-2.0504650000
201	0.1386515550	301	-2.0505825000
201	0.1383229686	301	-2.0505500000
201	0.1372156002	301	-2.0504950000
201	0.1368314441	301	-2.0503650000
201	0.1357885045	301	-2.0504225000
201	0.1353592483	301	-2.0500725000
201	0.1342848997	301	-2.0504625000
201	0.1335930965	301	-2.0502550000
201	0.1328714951	301	-2.0498125000
201	0.1323327101	301	-2.0503100000
201	0.1317230536	301	-2.0502650000
201	0.1308983663	301	-2.0503925000
201	0.1304964923	301	-2.0503375000
201	0.1294857672	301	-2.0502850000
201	0.1289075197	301	-2.0503000000
201	0.1284476599	301	-2.0501675000
201	0.1280353162	301	-2.0504825000
201	0.1270906305	301	-2.0505000000
201	0.1263368149	301	-2.0500525000
201	0.1256506493	301	-2.0492550000
201	0.1247365673	301	-2.0494575000
201	0.1244796579	301	-2.0491550000
201	0.1236896012	301	-2.0495125000
201	0.1234874561	301	-2.0495225000
201	0.1226208903	301	-2.0494600000
201	0.1220217036	301	-2.0492925000
201	0.1219323088	301	-2.0496825000
201	0.1215787563	301	-2.0504225000
201	0.1208676248	301	-2.0499225000
201	0.1205825278	301	-2.0500325000
201	0.1200461591	301	-2.0502200000
201	0.1200348840	301	-2.0502625000
201	0.1188985232	301	-2.0506150000
201	0.1186689960	301	-2.0506825000
201	0.1182695382	301	-2.0497350000
201	0.1178700803	301	-2.0503175000
201	0.1172048542	301	-2.0501275000
201	0.1170325075	301	-2.0505700000
201	0.1166467408	301	-2.0504275000
201	0.1159613807	301	-2.0504825000
201	0.1154113209	301	-2.0499375000
201	0.1151697134	301	-2.0504925000
201	0.1148701200	301	-2.0506150000
201	0.1144336157	301	-2.0502625000
201	0.1140671776	301	-2.0501650000
201	0.1129437026	301	-2.0503250000
201	0.1127592755	301	-2.0497150000
201	0.1127673291	301	-2.0504225000
201	0.1125796806	301	-2.0504125000
201	0.1119434475	301	-2.0501875000
201	0.1112991607	301	-2.0501150000
201	0.1110591639	301	-2.0501075000
201	0.1110124531	301	-2.0503975000
201	0.1105485667	301	-2.0500075000
201	0.1101273642	301	-2.0504775000
201	0.1095467009	301	-2.0496325000
201	0.1092390539	301	-2.0502525000
201	0.1091714038	301	-2.0505800000
201	0.1086132905	301	-2.0504725000
201	0.1084489974	301	-2.0499325000
201	0.1079424270	301	-2.0505075000
201	0.1074938424	301	-2.0502525000
201	0.1070444524	301	-2.0495150000
201	0.1069139843	301	-2.0500650000
201	0.1064774801	301	-2.0504150000
201	0.1061859404	301	-2.0503400000
201	0.1062600334	301	-2.0502650000
201	0.1057848720	301	-2.0500100000
201	0.1054828626	301	-2.0500050000
201	0.1052090407	301	-2.0502475000
201	0.1049279707	301	-2.0502425000
201	0.1043964342	301	-2.0503850000
201	0.1042659661	301	-2.0503875000
201	0.1038117441	301	-2.0503625000
201	0.1038600656	301	-2.0503175000
201	0.1035644991	301	-2.0506350000
201	0.1033148380	301	-2.0502125000
201	0.1027679997	301	-2.0504900000
201	0.1025046475	301	-2.0497250000
201	0.1020600898	301	-2.0502975000
201	0.1021543167	301	-2.0500625000
201	0.1020673380	301	-2.0503725000
201	0.1012354029	301	-2.0504475000
201	0.1012442618	301	-2.0503250000
201	0.1009599704	301	-2.0502000000
201	0.1008874881	301	-2.0502700000
201	0.1005806466	301	-2.0501925000
201	0.1001119281	301	-2.0502075000
201	0.1002134033	301	-2.0502725000
201	0.0999242796	301	-2.0505900000
201	0.0996633436	301	-2.0505025000
201	0.0993975753	301	-2.0502375000
201	0.0991358339	301	-2.0502800000
201	0.0988765085	301	-2.0503650000
201	0.0987822816	301	-2.0504975000
201	0.0984867152	301	-2.0504725000
201	0.0981758469	301	-2.0503075000
201	0.0980977271	301	-2.0503225000
201	0.0976459212	301	-2.0504175000
201	0.0976306194	301	-2.0502500000
201	0.0976491426	301	-2.0503700000
201	0.0974300852	301	-2.0503475000
201	0.0970410971	301	-2.0504250000
201	0.0967310342	301	-2.0501875000
201	0.0964491588	301	-2.0500650000
201	0.0963678177	301	-2.0505400000
201	0.0964024481	301	-2.0505950000
201	0.0960456744	301	-2.0503700000
201	0.0958451402	301	-2.0500575000
201	0.0958016508	301	-2.0504475000
201	0.0956582971	301	-2.0504800000
201	0.0952540073	301	-2.0506250000
201	0.0950389766	301	-2.0497700000
201	0.0947063637	301	-2.0502250000
201	0.0948134763	301	-2.0504625000
201	0.0942118738	301	-2.0505200000
201	0.0933622209	301	-2.0495425000
201	0.0934701389	301	-2.0482300000
201	0.0933992674	301	-2.0495950000
201	0.0932470547	301	-2.0492600000
201	0.0924304215	301	-2.0487175000
201	0.0922621016	301	-2.0477225000
201	0.0921477408	301	-2.0482825000
201	0.0921227747	301	-2.0489925000
201	0.0918344564	301	-2.0487850000
201	0.0922532427	301	-2.0488600000
201	0.0918255975	301	-2.0493775000
201	0.0916137883	301	-2.0493450000
201	0.0918602279	301	-2.0493425000
201	0.0914309720	301	-2.0492300000
201	0.0912417128	301	-2.0494300000
201	0.0914382202	301	-2.0492725000
201	0.0908092355	301	-2.0491600000
201	0.0908261481	301	-2.0488250000
201	0.0905313870	301	-2.0489825000
201	0.0909711125	301	-2.0495675000
201	0.0907955444	301	-2.0501300000
201	0.0907069550	301	-2.0496100000
201	0.0906819889	301	-2.0500475000
201	0.0904742065	301	-2.0502125000
201	0.0903534028	301	-2.0503875000
201	0.0901625329	301	-2.0500475000
201	0.0903880332	301	-2.0501475000
201	0.0900368971	301	-2.0498850000
201	0.0899394487	301	-2.0501425000
201	0.0898258932	301	-2.0497625000
201	0.0895560983	301	-2.0500575000
201	0.0896495198	301	-2.0497975000
201	0.0894755624	301	-2.0502725000
201	0.0893305980	301	-2.0500925000
201	0.0892057675	301	-2.0504850000
201	0.0891687210	301	-2.0499150000
201	0.0891687210	301	-2.0505725000
201	0.0887241633	301	-2.0505100000
201	0.0890583869	301	-2.0503150000
201	0.0882417538	301	-2.0501675000
201	0.0885920846	301	-2.0501500000
201	0.0883843022	301	-2.0505575000
201	0.0883673897	301	-2.0500850000
201	0.0881749091	301	-2.0501850000
201	0.0878559873	301	-2.0502925000
201	0.0879550463	301	-2.0500200000
201	0.0878173301	301	-2.0500250000
201	0.0878108872	301	-2.0503650000
201	0.0873776045	301	-2.0496675000
201	0.0873727724	301	-2.0492100000
201	0.0874033760	301	-2.0498925000
201	0.0871746543	301	-2.0502375000
201	0.0871448561	301	-2.0501025000
201	0.0869845898	301	-2.0500600000
201	0.0870296898	301	-2.0499150000
201	0.0868331825	301	-2.0498975000
201	0.0867615056	301	-2.0500225000
201	0.0864739928	301	-2.0499525000
201	0.0865947965	301	-2.0502100000
201	0.0865891590	301	-2.0504625000
201	0.0863459408	301	-2.0497825000
201	0.0863153372	301	-2.0499300000
201	0.0862275532	301	-2.0500450000
201	0.0861276888	301	-2.0499525000
201	0.0859303761	301	-2.0496025000
201	0.0856025953	301	-2.0499350000
201	0.0858506456	301	-2.0495300000
201	0.0856058167	301	-2.0502225000
201	0.0857854116	301	-2.0502625000
201	0.0856412525	301	-2.0502525000
201	0.0853658200	301	-2.0500825000
201	0.0851580377	301	-2.0498325000
201	0.0853859540	301	-2.0501825000
201	0.0848278408	301	-2.0502325000
201	0.0851548162	301	-2.0501750000
201	0.0850670322	301	-2.0503600000
201	0.0849236784	301	-2.0499500000
201	0.0844879797	301	-2.0497625000
201	0.0848278408	301	-2.0493375000
201	0.0844984494	301	-2.0495550000
201	0.0845234155	301	-2.0494150000
201	0.0846426085	301	-2.0501700000
201	0.0843518742	301	-2.0497625000
201	0.0842431509	301	-2.0501050000
201	0.0843116063	301	-2.0505200000
201	0.0844066386	301	-2.0498325000
201	0.0842326812	301	-2.0498575000
201	0.0840563078	301	-2.0497750000
201	0.0840555024	301	-2.0501375000
201	0.0840546971	301	-2.0497350000
201	0.0840369792	301	-2.0503175000
201	0.0833878606	301	-2.0505525000
201	0.0838694647	301	-2.0498175000
201	0.0839854363	301	-2.0500225000
201	0.0836407431	301	-2.0505650000
201	0.0837132253	301	-2.0501175000
201	0.0832928284	301	-2.0502600000
201	0.0834756447	301	-2.0502850000
201	0.0837406074	301	-2.0502650000
201	0.0835086643	301	-2.0502800000
201	0.0832622248	301	-2.0499750000
201	0.0833588677	301	-2.0502175000
201	0.0832316212	301	-2.0502700000
201	0.0832565873	301	-2.0501250000
201	0.0833781963	301	-2.0503100000
201	0.0830592745	301	-2.0505400000
201	0.0831341728	301	-2.0502850000
201	0.0828047814	301	-2.0501250000
201	0.0829827655	301	-2.0501250000
201	0.0826211597	301	-2.0502650000
201	0.0827878689	301	-2.0496600000
201	0.0825921669	301	-2.0500600000
201	0.0827186081	301	-2.0504750000
201	0.0829586048	301	-2.0503100000
201	0.0826871991	301	-2.0501800000
201	0.0825849187	301	-2.0504275000
201	0.0821621057	301	-2.0504375000
201	0.0826074687	301	-2.0502500000
201	0.0823392844	301	-2.0501475000
201	0.0822796879	301	-2.0499650000
201	0.0825945829	301	-2.0504000000
201	0.0821371396	301	-2.0500450000
201	0.0823602237	301	-2.0498700000
201	0.0821894878	301	-2.0504250000
201	0.0818794250	301	-2.0501550000
201	0.0823570023	301	-2.0501050000
201	0.0819003643	301	-2.0505900000
201	0.0822901576	301	-2.0502625000
201	0.0819494911	301	-2.0504725000
201	0.0817078837	301	-2.0501750000
201	0.0819092232	301	-2.0505625000
201	0.0821137842	301	-2.0504650000
201	0.0817070784	301	-2.0503675000
201	0.0816394283	301	-2.0502200000
201	0.0817336552	301	-2.0504975000
201	0.0815460068	301	-2.0498875000
201	0.0814759406	301	-2.0502800000
201	0.0816700319	301	-2.0504875000
201	0.0812319171	301	-2.0499075000
201	0.0812665475	301	-2.0501875000
201	0.0810692348	301	-2.0492350000
201	0.0809041364	301	-2.0497125000
201	0.0812093671	301	-2.0501825000
201	0.0812351386	301	-2.0503075000
201	0.0805570271	301	-2.0488725000
